19.581220262246557,53.857268408152144,1
20.43393251100592,58.87058113563036,1
23.44554558715227,54.09357171518269,1
31.55041582563012,54.664359575657905,1
19.802853070028245,49.258683451948386,1
26.095064562163753,54.571249683818664,1
30.380236944130992,52.697679973710585,1
30.7452833299715,51.361540665557165,1
20.334175416397333,41.81386733249822,1
35.05234891208468,55.22440038460891,1
20.25141539793946,52.544163889248416,1
26.648198427090797,49.651125965432,1
25.534562909597867,54.975020550204654,1
24.828287225618197,48.706942763034654,1
13.742863826611721,44.954756025823094,1
15.017525320231721,56.01625775257857,1
28.90716427337331,55.1318779237177,1
25.334657386807788,42.944971807513724,1
26.32556801844575,54.00598422922513,1
25.45901793436025,48.12151822243627,1
26.40696013656156,57.78059267867655,1
22.38092368619299,47.19666380314044,1
24.066055980511706,40.83789693487845,1
20.730623404103298,58.21993512627501,1
26.994578579700953,52.03852486200136,1
26.004291750160466,38.313304102867576,1
24.72395049502935,46.20345318391058,1
35.07130780039402,51.75963623856401,1
26.51205152919328,38.213121397900224,1
24.595876858595922,48.77164217483961,1
20.633842447515004,58.33722937246167,1
27.959635161863577,46.482984859748115,1
22.111058843135616,53.691686426824376,1
23.649184559832122,47.23404260871328,1
25.145818220537713,52.5632585531112,1
25.36211735170584,44.65213529927832,1
23.091347088844905,56.63509365694778,1
23.519315319949033,43.27549258672263,1
29.51408426421094,56.17953412019155,1
33.947885541968446,42.488251808379054,1
25.98575775977648,48.23284420924351,1
26.657539572879273,54.30354113141299,1
27.064918192454634,48.64466360900514,1
22.187370082062657,41.22199060783595,1
24.484527443463843,52.013845674495144,1
27.642277797133428,43.529955151473175,1
40.08862197945761,47.817767361819776,1
23.88223473275983,46.04181448162754,1
21.873411281399143,49.277036331717376,1
23.584010494853576,53.15638881446665,1
28.67237898781493,54.96929162992071,1
12.690609249510825,50.4199616342925,1
26.053425410267913,49.4349268057278,1
16.462991581878747,50.419811952356426,1
26.021489420928663,46.992633982849505,1
17.699667376950785,48.530719653324155,1
27.317433376157098,48.6847911657871,1
19.705131217944675,55.71722568626791,1
24.707331505944524,55.69734587025781,1
33.356146737455724,46.05464887627128,1
25.756784411741368,47.91868026348318,1
28.07701608859606,43.43825638821697,1
26.612009799258065,51.32594979470448,1
29.160758389251377,57.95834203835975,1
25.44595509303062,46.673951664110035,1
21.300641144763077,54.0700483109955,1
16.43818385547855,48.69978334565008,1
26.05572637733579,51.37137114633313,1
30.664044311985744,48.94248388101557,1
27.52741274406345,52.16508125283724,1
30.426471286377552,55.85166544163477,1
31.811667570534077,44.03993055386651,1
25.1692763893376,47.765278680780455,1
17.64878034183261,44.12940881339478,1
27.25123795611147,49.76419324500188,1
18.575186459505026,51.88008898261856,1
22.43045416352045,49.193848230686186,1
26.46024405407316,53.3008404244823,1
27.190975023692868,52.17433686357766,1
23.06316803333964,48.97143334363866,1
19.945127931042506,49.11273138543697,1
23.736535478691977,53.66822129222462,1
34.52585883079555,46.18720086012825,1
27.017112628888494,50.84984089178588,1
20.54805038672442,57.068073480191764,1
24.757559296102173,40.87512226637756,1
25.381637843074326,55.53384684864834,1
23.974325486931402,47.82714185175525,1
28.062272967006876,46.9948831141607,1
21.07029388562857,41.139391490772105,1
30.13716732242537,59.98752638649777,1
28.059055586281175,47.677222792116495,1
27.10183372211859,45.96652865785356,1
30.416243924250367,52.65070809068094,1
15.870989603818535,50.69310601591874,1
24.43811639413846,49.244381234351216,1
22.486219513171815,48.74363042676227,1
29.495164445016282,48.448908383685534,1
27.668340705889396,52.15515783550455,1
28.71563544330632,58.652799832744236,1
50.56753022579094,28.81753523028437,-1
56.357904143310506,31.359474164789255,-1
55.59842171622555,24.05338835870942,-1
55.89678469607852,12.51395506867259,-1
39.648564395946124,25.183002166510647,-1
57.347611231329466,22.286858127286486,-1
51.32359205361146,29.011162014705384,-1
57.21879324504888,25.777690044212083,-1
44.392786752251546,27.700646802356946,-1
58.44892285051977,29.460830584214733,-1
45.732416762806714,24.57619813809365,-1
48.77216872359542,23.41818007971209,-1
49.709727390116335,31.79529681513512,-1
44.79308932634548,29.343147617803222,-1
53.54517480944152,24.749094314432423,-1
51.483392340207516,28.37865210956476,-1
46.67728251975853,26.240422115732052,-1
53.990338471237955,20.821262289044054,-1
48.99079300362012,24.44614211716945,-1
44.57787539628935,19.016658890241104,-1
57.30790512714599,24.108087803921947,-1
50.055275290460486,32.60816701693964,-1
52.70849453533637,30.23948113602912,-1
45.52736241878759,25.266473210992658,-1
53.44113066017503,20.402592377253715,-1
58.14228742369306,28.46592922907141,-1
56.19099729659153,22.701872857219215,-1
48.73095992073893,24.236434070731278,-1
47.693950721072255,28.113359197814706,-1
52.11493023252036,26.239488699688255,-1
54.91261544549736,22.35940695267307,-1
44.91519785385525,34.61975959875556,-1
61.887840727139974,19.800462177556653,-1
47.51446698260054,25.71077611344514,-1
49.79626737960319,31.307293018199235,-1
51.49130446042333,28.679735103216487,-1
45.07164855159984,24.540543413429024,-1
38.05206252584391,29.245133183102432,-1
48.93665108651162,23.713884000357243,-1
52.514870471298075,20.191075899239888,-1
35.476279639568034,21.236838256694277,-1
47.214724674074176,27.419054431439108,-1
46.16818182294706,28.60224680956614,-1
44.907397007989005,29.504678744559136,-1
48.88420719073941,23.18849660910611,-1
41.617439890359606,26.08031726289843,-1
40.52152394426628,20.862640459105833,-1
47.89668046732092,25.930976961898587,-1
50.41579446713578,27.67934994741555,-1
67.46514946614933,26.17935374676343,-1
56.35396821591406,25.272588176749167,-1
48.936227750706585,18.963383243150894,-1
54.04105186922225,25.22542034456314,-1
56.969653383530705,25.248008285746717,-1
51.56098263844003,22.914157091232166,-1
51.69020728800657,24.068894647113236,-1
51.34589164925587,20.67430636914917,-1
41.675965316178456,22.25851126729126,-1
45.787634863041916,18.088760959580014,-1
43.06880983977204,17.776637265836634,-1
56.03734628111122,27.09425820485989,-1
49.21387032584985,28.684680183370773,-1
50.99839341811677,26.350829336055007,-1
47.31582206312182,30.35491546942254,-1
48.91428806691935,23.98848705492635,-1
58.67418682283059,29.278977544501934,-1
56.60427651794481,27.756495815971576,-1
48.015212883960665,19.261958716237913,-1
52.32342730306244,17.627687030016315,-1
50.33924165061121,26.468111022317892,-1
48.960716649838965,24.453962504822027,-1
50.4411584133092,16.45958217411736,-1
55.433729298516816,19.80092112851765,-1
53.88567092444514,26.0980924367521,-1
44.588688889700265,20.16600031968919,-1
46.923016698274175,22.23436535940364,-1
54.241281131412144,24.14985092170845,-1
39.094984933054945,19.22038925210813,-1
49.00468592949298,20.271182877467215,-1
48.932870024051795,23.720583241414886,-1
53.09650463886513,29.554342824248657,-1
50.66268226752639,15.150441627473926,-1
47.1239842102761,21.589053172643297,-1
45.929299817588735,15.782996066282198,-1
51.18788921738137,25.620974373315693,-1
50.85908921400756,20.478530972578763,-1
49.22715175980728,11.2494563570423,-1
51.9121145115768,18.5719011454042,-1
52.182990341323006,22.13654539947402,-1
51.000334887060426,30.317932644840113,-1
56.77755625822443,21.241762173478595,-1
59.961396145219666,27.450207433707487,-1
46.44722451833913,22.9843153901579,-1
47.54426803009797,19.964774594898014,-1
54.01451294360991,14.795324316054131,-1
54.943521237236936,30.13606199807043,-1
49.55501392464788,23.110844587500303,-1
48.25450872803159,20.40846093759893,-1
44.77598405616606,20.31296226445939,-1
52.444151723783975,36.03905651874261,-1
